0, Keysplit, 43, 55, 67, 79, 127, 0, 0, 0
	1, 0, 1, 36, 127, 75, 1, 110, 64
	1, 1, 1, 48, 127, 75, 1, 110, 64
	1, 1, 1, 60, 127, 75, 1, 116, 64
	1, 1, 1, 72, 127, 80, 1, 116, 64
	1, 1, 1, 84, 127, 85, 1, 116, 64
1, NULL
2, Keysplit, 43, 55, 67, 127, 0, 0, 0, 0
	1, 2, 1, 36, 127, 75, 1, 116, 64
	1, 2, 1, 48, 127, 75, 1, 116, 64
	1, 2, 1, 60, 127, 75, 1, 116, 64
	1, 2, 1, 72, 127, 75, 1, 116, 64
3, NULL
4, NULL
5, NULL
6, NULL
7, NULL
8, NULL
9, NULL
10, NULL
11, Keysplit, 55, 67, 127, 0, 0, 0, 0, 0
	1, 3, 1, 48, 127, 120, 120, 116, 64
	1, 4, 1, 60, 127, 127, 127, 116, 64
	1, 5, 1, 72, 127, 127, 127, 116, 64
12, NULL
13, NULL
14, NULL
15, NULL
16, NULL
17, Keysplit, 47, 60, 72, 127, 0, 0, 0, 0
	1, 37, 0, 40, 127, 30, 1, 120, 64
	1, 36, 0, 48, 127, 30, 1, 120, 64
	1, 38, 0, 64, 127, 30, 1, 120, 64
	1, 39, 0, 76, 127, 30, 1, 120, 64
18, NULL
19, NULL
20, Keysplit, 53, 127, 0, 0, 0, 0, 0, 0
	1, 6, 1, 45, 127, 110, 100, 118, 64
	1, 7, 1, 57, 127, 110, 100, 118, 64
21, NULL
22, NULL
23, Keysplit, 65, 74, 83, 127, 0, 0, 0, 0
	1, 8, 1, 60, 127, 100, 110, 118, 64
	1, 9, 1, 69, 127, 100, 110, 118, 64
	1, 10, 1, 77, 122, 100, 110, 118, 64
	1, 11, 1, 84, 122, 100, 110, 118, 64
24, NULL
25, NULL
26, NULL
27, NULL
28, NULL
29, NULL
30, NULL
31, NULL
32, Keysplit, 53, 62, 127, 0, 0, 0, 0, 0
	1, 12, 1, 53, 127, 117, 118, 116, 64
	1, 12, 1, 62, 127, 117, 118, 116, 64
	1, 13, 1, 71, 127, 117, 127, 116, 64
33, NULL
34, NULL
35, NULL
36, NULL
37, Keysplit, 67, 76, 82, 127, 0, 0, 0, 0
	1, 14, 1, 60, 127, 80, 40, 116, 64
	1, 14, 1, 72, 127, 80, 40, 116, 64
	1, 15, 1, 79, 127, 80, 40, 116, 64
	1, 15, 1, 84, 127, 80, 40, 116, 64
38, NULL
39, Drums, 29, 81
	1, 14, 0, 29, 127, 127, 120, 120, 64
	1, 14, 0, 30, 127, 0, 110, 120, 64
	1, 14, 0, 31, 3, 127, 120, 120, 64
	1, 14, 0, 32, 127, 127, 120, 120, 64
	1, 14, 0, 32, 127, 127, 120, 120, 64
	1, 14, 0, 34, 127, 116, 0, 120, 64
	1, 14, 0, 35, 127, 127, 127, 120, 64
	1, 14, 0, 36, 127, 127, 120, 120, 64
	1, 14, 0, 36, 127, 116, 0, 120, 58
	1, 93, 0, 38, 127, 127, 127, 120, 64
	1, 93, 0, 39, 127, 127, 120, 120, 70
	1, 93, 0, 40, 127, 114, 90, 120, 64
	1, 16, 1, 41, 127, 127, 127, 120, 30
	1, 17, 1, 42, 127, 100, 0, 120, 80
	1, 18, 1, 43, 127, 127, 127, 120, 40
	1, 18, 1, 43, 127, 127, 127, 120, 40
	1, 19, 1, 45, 127, 127, 127, 120, 50
	1, 20, 1, 46, 127, 102, 0, 120, 80
	1, 21, 1, 47, 127, 127, 127, 120, 100
	1, 21, 1, 48, 127, 90, 0, 114, 64
	1, 22, 1, 52, 127, 100, 0, 114, 64
	1, 22, 1, 52, 127, 100, 0, 114, 64
	1, 22, 1, 52, 127, 100, 0, 114, 64
	1, 23, 1, 53, 127, 70, 0, 110, 20
	1, 23, 1, 53, 127, 70, 0, 115, 30
	1, 24, 1, 54, 127, 127, 127, 120, 58
	1, 24, 1, 55, 127, 70, 0, 120, 84
	1, 24, 1, 56, 127, 127, 127, 120, 110
	1, 24, 1, 57, 127, 80, 0, 114, 36
	1, 97, 0, 57, 127, 80, 0, 114, 102
	1, 97, 0, 59, 127, 70, 0, 114, 86
	1, 97, 0, 60, 127, 127, 127, 120, 90
	1, 97, 0, 64, 127, 127, 127, 120, 90
	1, 97, 0, 62, 127, 127, 127, 120, 20
	1, 97, 0, 63, 127, 127, 127, 120, 24
	1, 97, 0, 67, 127, 127, 127, 120, 26
	1, 97, 0, 67, 127, 127, 127, 120, 26
	1, 97, 0, 67, 127, 127, 127, 120, 26
	1, 97, 0, 67, 127, 100, 90, 120, 26
	1, 97, 0, 68, 127, 127, 127, 120, 105
	1, 97, 0, 69, 127, 127, 127, 120, 105
	1, 97, 0, 67, 127, 127, 127, 120, 105
	1, 97, 0, 67, 127, 127, 127, 120, 105
	1, 97, 0, 67, 127, 127, 127, 120, 105
	1, 97, 0, 67, 127, 127, 127, 120, 105
	1, 97, 0, 67, 127, 127, 127, 120, 105
	1, 97, 0, 67, 127, 127, 127, 120, 105
	1, 97, 0, 76, 127, 100, 90, 120, 20
	1, 97, 0, 76, 127, 100, 90, 120, 20
	1, 97, 0, 78, 127, 100, 90, 120, 105
	1, 97, 0, 78, 127, 100, 90, 120, 105
	1, 97, 0, 80, 127, 120, 0, 125, 44
	1, 97, 0, 81, 127, 80, 0, 118, 44
40, NULL
41, NULL
42, NULL
43, NULL
44, NULL
45, NULL
46, Single, 94, 0, 60, 127, 70, 0, 120, 64
